1
11
48
56
60
61
67
69
70
71
72
75
77
78
82
88
90
92
94
96
99
101
102
105
110
114
115
117
122
123
126
127
129
130
131
138
141
146
148
149
151
154
156
160
162
163
164
168
169
170
173
178
179
180
181
182
184
187
189
190
191
192
195
203
206
207
208
210
212
215
221
224
225
229
231
234
238
239
242
243
245
250
252
255
259
261
263
265
268
270
273
274
277
278
280
281
282
284
286
289
295
297
300
302
313
2114
3903
4003
4005
4006
4008
4009
4010
4012
4013
4016
4017
4019
4020
4021
4022
4023
4024
4025
4026
4027
4028
4030
4031
4032
4033
4034
4035
4036
4037
4038
4039
4042
4059
4062
4063
4064
4066
4068
4069
4072
4075
4076
4078
4079
4080
4081
4082
4084
4086
4088
4089
4090
4091
4093
4094
4095
4096
4097
4098
4099
4100
4101
4102
4109
4111
4112
4113
4114
4117
4118
4119
4123
4124
4125
4127
4131
4132
4134
4135
4136
4137
4138
4139
4140
4142
4144
4145
4146
4147
4148
4149
4150
4151
4152
4153
4154
4155
4156
4157
4158
4159
4161
4162
4163
4164
4165
4166
4167
4168
4169
4170
4172
4173
4174
4175
4176
4177
4178
4179
4180
4181
4182
4183
4184
4185
4187
4188
4189
4190
4191
4192
4193
4194
4195
4196
4197
4198
4199
4201
4202
4203
4204
4205
4206
4208
4209
4210
4211
4212
4213
4215
4216
4217
4218
4220
4221
4222
4223
4224
4225
4227
4234
4235
4236
4237
4238
4242
4243
4244
4245
4247
4248
4758
5001
5003
5004
5005
5006
5007
5008
5009
5011
5012
5013
5015
5016
5017
5019
5021
5022
5024
5025
5026
5027
5028
5029
5030
5031
5034
5035
5037
5038
5039
5040
5041
5042
5043
5044
5046
5047
5048
5050
5051
5054
5055
5056
5057
5058
5059
5060
5061
5062
5063
5064
5065
5070
5071
5072
5073
5074
5075
5076
5077
5080
5081
5082
5083
5084
5085
5086
5087
5090
5091
5092
5093
5094
5095
5096
5097
5098
5099
5100
5102
5103
5104
5105
5106
5107
5109
5110
5112
5113
5114
5115
5116
5117
5119
5120
5121
5122
5123
5125
5126
5127
5128
5129
5130
5131
5132
5133
5134
5135
5136
5137
5138
5139
5141
5143
5144
5145
5146
5147
5150
5151
5152
5153
5154
5155
5156
5157
5158
5159
5160
5161
5162
5163
5164
5165
5167
5168
5169
5170
5171
5172
5173
5175
5176
5177
5178
5179
5180
5181
5184
5185
5186
5187
5188
5189
5190
5191
5194
5195
5196
5197
5198
5199
5200
5201
5205
5724
5725
5728
5729
5783
6204
7000
7001
7002
7003
7004
7005
7007
7008
7009
7010
7011
7012
7013
7014
7016
7017
7018
7019
7020
7021
7022
7023
7024
7027
7028
7029
7030
7031
7032
7033
7034
7035
7036
7037
7040
7041
7043
7045
7046
7047
7048
7049
7050
7051
7053
7054
7055
7056
7057
7058
7059
7504
7708
7710
7711
7712
7713
7715
7716
7718
7720
7721
7722
7723
7724
7725
7726
7727
7729
7731
7733
7734
7735
7736
7738
7827
7830
7833
7834
7836
7838
7839
7840
7841
7843
7845
7846
7847
7848
7850
7851
7852
7853
7854
7855
7856
7857
7858
7859
7860
7861
7862
7863
7864
7865
7868
7869
7871
7887
7889
7890
7891
7892
7893
7894
7897
7898
7899
7901
7902
7903
7904
7905
7906
7908
7909
7910
7911
7912
7913
7915
7916
7918
7919
7920
7921
7922
7923
7924
7926
7927
7928
7929
7930
7931
7932
7933
7934
7935
7936
7937
7939
7940
7941
7942
7943
7944
7945
7946
7947
7949
7951
7961
7998
8000
8001
8002
8003
8004
8005
8006
8007
8008
8009
8010
8012
8013
8014
8015
8016
8017
8018
8019
8022
8023
8025
8026
8027
8028
8029
8030
8031
8032
8033
8034
8035
8036
8038
8039
8040
8041
8042
8043
8044
8045
8046
8047
8050
8051
8052
8054
8055
8056
8058
8059
8060
8062
8065
8066
8067
8069
8070
8071
8072
8073
8074
8075
8076
8078
8079
8080
8081
8082
8083
8084
8085
8086
8087
8088
8089
8090
8092
8093
8094
8095
8096
8097
8098
8101
8102
8103
8104
8105
8106
8108
8109
8110
8111
8112
8113
8114
8115
8116
8117
8118
8119
8120
8121
8122
8123
8124
8125
8127
8128
8129
8131
8132
8133
8134
8135
8136
8137
8138
8139
8140
8142
8143
8144
8145
8146
8147
8149
8150
8151
8153
8154
8155
8156
8157
8158
8159
8160
8161
8162
8163
8165
8166
8168
8169
8171
8172
8173
8174
8175
8176
8177
8178
8179
8180
8181
8182
8183
8184
8185
8186
8187
8188
8189
8191
8192
8193
8194
8195
8196
8197
8198
8199
8200
8202
8203
8204
8205
8206
8207
8208
8209
8210
8211
8212
8213
8214
8215
8216
8217
8218
8219
8221
8223
8225
8226
8227
8229
8230
8231
8232
8233
8234
8235
8237
8238
8239
8240
8241
8242
8243
8244
8245
8246
8247
8248
8249
8250
8251
9500
9998
11406
11407
11409
11410
11411
11412
11413
11414
11415
11418
11419
11421
11422
11423
11424
11425
11426
11427
11430
11431
11432
11433
11434
11437
11524
11527
11528
11529
11530
11531
11532
11533
11536
11537
11540
11541
11542
11543
11544
11545
11546
11547
11549
11550
11551
11552
11553
11554
11555
11556
11557
11558
11562
11565
11567
11573
11578
11588
11589
11590
11591
11593
11594
11597
11599
11601
11602
11603
11604
11607
11608
11609
11611
11637
11640
11641
11642
11643
11644
11645
11646
11647
11648
11649
11650
11651
11652
11653
11655
11656
11658
11659
11660
11661
11662
11663
11664
11665
11667
11668
11669
11671
11672
11674
11675
11676
11677
11678
11680
11682
11685
11686
11687
11688
11696
11699
11700
11702
11705
11706
11707
11708
11709
11710
11711
11712
11713
11714
11715
11716
11718
11719
11720
11721
11722
11723
11725
11726
11727
11728
11729
11730
11732
11735
11737
11738
11778
11779
11780
11782
11783
11784
11786
11787
11790
11791
11792
11793
11794
11795
11797
11798
11799
11800
11801
11802
11803
11804
11805
11808
11809
11810
11811
11812
11813
11814
11815
11816
11817
11819
12540
14671
14673
14674
14675
14676
14677
14679
14681
14682
14683
14685
14686
14688
14689
14690
14691
14692
14693
14694
14695
14696
14697
14698
14699
14700
14701
14702
14703
14704
14705
14707
14708
14709
14710
14711
14712
14713
14714
14715
14716
14717
14720
14721
14722
14723
14724
14725
14727
14728
14729
14734
14735
14737
14738
14739
14740
14741
14742
14743
14744
14746
14747
14748
14749
14750
14751
14753
14754
14755
14756
14757
14758
14759
14760
14761
14762
14763
14766
14767
14768
14769
14770
14771
14772
14773
14774
14775
14776
14777
14779
14781
14782
14783
14784
14785
14786
14787
14788
14790
14791
14792
14793
14794
14795
14796
14797
14798
14799
14800
14801
14802
14803
14804
14805
14806
14807
14808
14809
14810
14812
14813
14814
14815
14816
14817
14819
14820
14821
14822
14823
14824
14825
14826
14827
14828
14829
14830
14831
14832
14833
14834
14835
14836
14837
14839
14841
14842
14843
14844
14845
14846
14847
14848
14849
14850
14851
14852
14853
14856
14858
14859
14860
14861
14862
14864
14865
14867
14868
14869
14872
14874
14878
14879
14880
14881
14883
14884
14885
14886
14887
14888
14889
14890
14891
14892
14893
14894
14897
14898
14899
14900
14901
14902
14903
14904
14905
14906
14907
14908
14909
14911
14912
14913
14915
14916
14917
14918
14919
14920
14921
14922
14923
14924
14925
14926
14927
14928
14929
14930
14931
14932
14933
14934
14936
14937
14939
14940
14942
14944
14945
14946
14947
14948
14949
14951
14952
14953
14954
14955
14956
14957
14958
14959
14960
14961
14962
14963
14964
14965
14966
14967
14968
14969
14970
14971
14972
14974
14976
14977
14979
14980
14981
14982
14984
14986
14989
14990
14994
14995
16044
17717
18839
19347
20217
20218
20220
20223
20226
20227
20228
20231
20232
20233
20234
20236
20238
20256
20259
20262
20434
20436
20438
20439
20441
20442
20443
20444
20445
20446
20447
20448
20450
20451
20452
20453
20454
20455
20456
20457
20458
20459
20460
20461
20462
20464
20465
20466
20467
20468
20469
20470
20471
20473
20474
20475
20476
20477
20478
20479
20481
20482
20485
20486
20487
20488
20489
20490
20491
20492
20493
20494
20496
20497
20498
20500
20501
20502
20504
20505
20506
20508
20509
20510
20511
20513
20514
20516
20518
20519
20520
20521
20522
20523
20524
20525
20526
20527
20528
20529
20530
20531
20532
20533
20535
20537
20539
20540
20541
20542
20543
20544
20546
20547
20548
20549
20550
20551
20552
20553
20554
20555
20556
20557
20558
20560
20561
20562
20563
20564
20566
20568
20569
20571
20572
20573
20574
20575
20577
20578
20579
20580
20581
20582
20583
20584
20585
20586
20587
20588
20589
20590
20591
20592
20594
20596
20597
20599
20600
20601
20602
20603
20605
20606
20607
20608
20609
20610
20611
20612
20613
20614
20615
20616
20617
20621
20623
20624
21366
23876
23885
23935
25757
26665
26666
26667
26670
26671
26672
26674
26676
26679
26680
26682
26683
26685
26686
27240
27242
27243
27249
27252
27273
27310
27317
27320
27439
27440
27441
27442
27443
27445
27446
27449
27450
27451
27452
27453
27454
27455
27456
27457
27458
27459
27460
27461
28014
28015
28016
28019
28020
28021
28022
28023
28024
28025
28026
28028
28029
28030
28031
28032
28033
28035
28036
28037
28038
28041
28042
28044
28045
28046
28047
28048
28049
28050
28051
28054
28056
28057
28058
28059
28060
28061
28062
28063
28066
28067
28068
28070
28071
28072
28073
28075
28076
28077
28079
28080
28081
28082
28083
28084
28085
28086
28087
28088
28089
28090
28091
28092
28093
28094
28095
28096
28097
28098
28099
28101
28103
28104
28105
28106
28107
28109
28111
28114
28115
28116
28118
28119
28120
28121
28122
28123
28124
28127
28128
28129
28130
28131
28132
28137
28141
28145
31263
31283
31290
31832
31885
33444
34074
34076
34077
34079
34080
34082
34084
34086
34087
34088
34089
34092
34094
34095
34096
34118
34123
34573
34581
34588
34728
34738
34743
34751
34852
34855
34856
34858
34859
34860
34861
34862
34863
34864
34865
34866
34867
34868
34869
34870
34873
34874
34875
34877
34878
34881
34882
34883
34884
34885
34886
34888
35269
35271
35273
35274
35276
35277
35278
35283
35285
35286
35288
35289
35290
35291
35292
35293
35294
35295
35296
35297
35298
35300
35301
35308
35491
35494
35496
35497
35498
35500
35501
35502
35503
35504
35505
35506
35507
35508
35510
35511
35514
35515
35516
35517
35518
35519
35520
35521
35522
35523
35524
35526
35527
35529
35530
35531
35532
35534
35535
35537
35538
35539
35540
35542
35543
35545
35546
35547
35548
35549
35553
35554
35556
35557
35558
35559
35562
35563
35564
35566
35567
35568
35569
35570
35571
35572
35574
35575
35577
35578
35579
35580
35581
35582
35583
35585
35586
35587
35588
35589
35590
35591
35592
35593
35594
35596
35600
35601
35602
35604
35606
35608
35609
35631
38424
38548
38553
39008
39014
40533
41152
41157
41158
41161
41162
41163
41164
41166
41169
41170
41174
41175
41207
41212
41215
41222
41359
41378
41658
41666
41670
41671
41673
41961
41963
41965
41968
41969
41970
41971
41972
41973
41976
41978
41979
41981
41988
41990
41992
41993
42024
42148
42149
42151
42154
42156
42157
42159
42162
42164
42165
42166
42173
42430
42431
42432
42433
42434
42435
42436
42437
42438
42439
42440
42441
42442
42443
42445
42446
42447
42448
42449
42450
42626
42632
42633
42634
42636
42638
42639
42640
42642
42644
42646
42648
42664
42665
42668
42803
42804
42805
42806
42809
42811
42812
42813
42814
42815
42816
42818
42819
42820
42821
42822
42824
42825
42826
42827
42828
42829
42830
42831
42832
42833
42834
42835
42836
42837
42838
42839
42840
42841
42842
42843
42844
42845
42846
42847
42848
42849
42850
42851
42852
42853
42854
42855
42856
42858
42859
42860
42863
42864
42957
42959
42960
42961
42962
42963
42964
42965
42966
42968
42969
42970
42971
42972
42975
42976
42977
42978
42979
42980
42981
42982
42983
42984
42985
42986
42987
42988
45695
45703
45704
45706
45713
46005
46010
48751
49070
49273
49278
49280
49282
49284
49285
49286
49287
49288
49291
49292
49298
49299
49300
49307
49309
49486
49489
49491
49492
49493
49494
49495
49496
49497
49498
49499
49501
49502
49503
49504
49505
49506
49507
49676
49678
49680
49683
49684
49685
49687
49689
49690
49693
49695
49698
49897
49898
49899
49900
49901
49902
49903
49904
49905
49909
49910
49911
49912
49913
49914
49915
49916
49917
49918
49921
49922
49923
49924
49925
49926
49927
49928
49930
49931
49932
49935
49936
49939
49940
49993
49994
49995
49996
49997
49998
49999
50000
50002
50003
50004
50005
50006
50007
50008
50009
50010
50012
50014
50016
50019
50020
50179
50181
50182
50184
50185
50186
50187
50189
50190
50191
50193
50194
50195
50196
50197
50198
50199
50200
50201
50202
50203
50204
50205
50206
50207
50208
50209
50210
50211
50212
52871
52872
53162
54734
55366
55368
55369
55374
55377
55378
55379
55381
55388
55389
55390
55394
55397
55661
55678
55679
55708
55711
55714
55897
55900
55905
55906
55907
55909
56193
56194
56195
56198
56199
56201
56202
56203
56204
56205
56206
56209
56212
56216
56220
56395
56397
56401
56402
56403
56404
56405
56406
56407
56408
56409
56410
56411
56413
56414
56575
56576
56577
56578
56580
56582
56583
56584
56585
56586
56587
56588
56589
56591
56592
56593
56594
56595
56596
56597
56598
56599
56600
56601
56602
56603
56801
56802
56803
56804
56807
56810
56811
56812
56818
56819
56823
56825
56826
56828
57073
57077
57083
57085
57372
57373
57374
57375
57376
57377
57378
57379
57380
57381
57382
57383
57384
57385
57386
57387
57388
57389
57390
57392
57393
57394
57395
57396
57397
57398
57399
57400
57401
57402
57403
57404
57405
57406
57407
57408
57409
57410
57413
57414
57415
57417
57418
57419
57420
57422
57423
57449
57451
57454
57455
57456
57457
57458
57460
57461
57463
57464
57465
57466
57467
57468
57469
57470
57471
57618
57619
57623
57624
57626
57630
57632
57636
57637
57638
57639
57641
57642
57644
57645
60020
60026
60028
60333
61897
62493
62496
62498
62508
62510
62520
62524
62550
62555
62566
62712
62714
63007
63009
63013
63014
63018
63020
63024
63026
63032
63283
63285
63290
63293
63298
63313
63535
63538
63539
63547
63548
63549
63550
63551
63552
63554
63555
63558
63561
63789
63790
63792
63793
63794
63795
63796
63797
63798
63799
63801
63802
63803
63806
63807
63809
63810
63811
63812
63813
63990
63993
63998
64002
64003
64005
64006
64016
64017
64020
64022
64028
64030
64035
64211
64212
64215
64263
64264
64265
64492
64493
64494
64495
64496
64497
64498
64499
64500
64501
64502
64503
64504
64505
64506
64507
64508
64509
64510
64511
64512
64513
64514
64515
64516
64517
64518
64519
64520
64521
64522
64523
64524
64525
64526
64527
64528
64529
64531
64706
64708
64709
64710
64711
64712
64713
64714
64715
64716
64717
64718
64719
64720
64721
64722
64723
64724
64725
64726
64727
64728
64729
64730
64731
64732
64733
64734
64735
64736
64737
64739
64741
64743
64746
64747
64754
64756
64758
64759
64782
64783
64784
64785
64787
64789
64798
64799
64803
64805
64806
64813
64990
64997
64998
64999
65000
65003
65006
65008
65010
65011
65013
65019
66246
67162
67165
67168
67175
67178
67450
69041
69674
69678
69682
69683
69685
69687
69689
69694
69695
69697
69968
69974
69977
69980
69981
69986
69989
70262
70267
70270
70271
70272
70274
70278
70279
70282
70284
70286
70287
70291
70292
70491
70493
70494
70495
70497
70500
70502
70503
70504
70505
70507
70509
70510
70511
70516
70520
70754
70755
70756
70757
70758
70759
70760
70761
70762
70763
70764
70766
70767
70768
70770
70771
70772
70773
70995
70996
70997
70998
70999
71000
71001
71002
71003
71004
71005
71006
71007
71008
71009
71010
71011
71012
71013
71014
71015
71016
71017
71018
71019
71020
71021
71023
71024
71025
71026
71027
71032
71110
71111
71112
71113
71115
71117
71118
71119
71120
71121
71122
71123
71124
71125
71126
71127
71129
71133
71371
71373
71375
71376
71378
71381
71657
71659
71660
71661
71662
71663
71664
71665
71666
71667
71668
71669
71670
71671
71672
71673
71674
71675
71676
71677
71678
71679
71681
71682
71683
71685
71686
71687
71688
71689
71691
71693
71695
71698
71785
71788
71789
71790
71791
71792
71793
71794
71795
71796
71797
71798
71799
71800
71801
71802
71803
71804
71805
71806
71807
71808
71809
71811
72051
72052
72053
72054
72055
72056
72057
72058
72059
72060
72061
72062
72063
72064
72065
72066
72067
72068
72069
72070
72071
72072
72073
72074
72075
72076
72077
72080
72081
72097
72098
72099
72102
72259
72260
72283
72284
72285
72287
72289
72291
72293
72295
72299
72302
74347
74348
74351
74353
74362
74653
76221
76834
76835
76844
76851
76865
76890
76897
76902
76904
76940
77071
77075
77076
77082
77089
77091
77097
77368
77370
77371
77372
77373
77374
77376
77377
77378
77379
77380
77381
77382
77383
77420
77422
77423
77427
77428
77430
77434
77444
77446
77451
77453
77454
77455
77456
77457
77458
77488
77490
77491
77492
77493
77494
77495
77496
77497
77498
77499
77500
77501
77502
77503
77507
77726
77728
77729
77730
77734
77737
77738
77739
77741
77742
77748
77750
77751
77753
77999
78001
78002
78003
78004
78005
78006
78007
78008
78009
78010
78011
78012
78013
78014
78015
78016
78017
78018
78019
78020
78021
78022
78023
78024
78025
78026
78027
78028
78029
78030
78031
78032
78033
78042
78047
78117
78124
78133
78160
78167
78168
78406
78409
78411
78414
78415
78417
78419
78423
78425
78427
78429
78430
78434
78435
78680
78683
78684
78685
78686
78687
78688
78689
78690
78691
78692
78693
78694
78695
78696
78697
78698
78699
78700
78701
78702
78703
78704
78705
78706
78707
78708
78709
78710
78711
78712
78713
78714
78715
78716
78717
78718
78719
78720
78721
78722
78727
78882
78883
78884
78885
78886
78887
78888
78889
78890
78891
78892
78893
78894
78895
78896
78897
78898
78899
78900
78901
78902
78903
79050
79051
79058
79065
79067
79069
79074
79363
79371
79372
79382
79383
79399
79400
79401
79402
79405
79408
79410
79411
81053
81059
81060
81061
81067
81346
82912
83552
83562
83573
83851
83853
83854
83855
83856
83859
83861
83865
83866
83867
83881
83890
83894
84091
84288
84290
84299
84387
84388
84390
84393
84394
84395
84396
84400
84401
84402
84403
84405
84409
84600
84602
84603
84604
84605
84606
84607
84608
84609
84610
84611
84612
84613
84614
84615
84616
84617
84618
84619
84620
84621
84622
84623
84624
84625
84626
84627
84628
84630
84631
84633
84821
84823
84825
84826
84828
84829
84830
84832
84833
84836
84837
84838
84840
84841
84845
84846
85097
85098
85101
85107
85110
85111
85113
85116
85118
85124
85127
85380
85381
85382
85383
85384
85385
85386
85387
85388
85389
85390
85391
85392
85393
85395
85396
85397
85398
85399
85400
85401
85402
85403
85406
85407
85409
85410
85430
85475
85479
85482
85486
85488
85489
85490
85491
85493
85494
85497
85498
85499
85503
85771
85773
85774
85775
85776
85777
85778
85779
85780
85781
85782
85783
85784
85785
85786
85787
85788
85789
85790
85791
85792
85793
85794
85795
85796
85797
85798
85799
85800
85801
85802
85803
85979
85982
85984
85985
85986
85987
85988
85989
85990
85991
85992
85993
85994
85995
85996
85997
85998
85999
86000
86001
86002
86003
86004
86005
86006
86007
86008
86009
86010
86011
86012
86013
86014
86015
86018
86038
86040
86043
86045
86441
86627
86632
86634
86636
86639
86642
86644
86658
86659
86662
86665
86690
88126
88140
88144
88149
88151
88442
90010
90632
90643
90720
90761
90887
90888
90889
90896
90898
90899
90900
90902
90904
90911
90914
90920
90926
91138
91441
91446
91449
91450
91452
91453
91458
91459
91461
91462
91466
91467
91471
91735
91736
91737
91738
91739
91740
91741
91742
91743
91744
91745
91746
91747
91748
91749
91750
91751
91752
91753
91754
91755
91756
91757
91758
91759
91760
91761
91762
91763
91764
91765
91766
91955
91956
91957
91958
91959
91964
91966
91967
91968
91969
91970
91972
91975
91976
91977
92220
92227
92228
92232
92236
92239
92242
92243
92244
92247
92253
92254
92527
92529
92531
92535
92539
92541
92543
92546
92555
92812
92820
92821
92822
92823
92825
92835
92843
92844
92850
93009
93011
93012
93014
93015
93016
93017
93019
93020
93021
93022
93023
93028
93030
93036
93267
93269
93270
93273
93275
93279
93282
93283
93284
93286
93556
93558
93559
93560
93561
93562
93563
93564
93566
93568
93569
93570
93571
93573
93574
93575
93576
93577
93578
93579
93580
93582
93584
93585
93586
93587
93588
93592
93597
93598
93899
93918
93934
93937
93940
93941
93947
93950
93953
93956
93958
94243
94250
95384
95386
95463
95496
95528
95608
97167
159323
159326
159341
159347
159609
159611
159614
160497
160500
160501
160502
160507
160510
160519
160526
160527
160528
160529
160536
161035
161041
161045
161050
161051
161058
161059
161292
167111
167396
167399
167593
167599
167602
167603
167605
167606