141691827
141692343
141697559
141698820
141699119
141700575
141700705
141705968
141719334
141742652
141770391
141776882
141791489
141791625
141792083
141792306
141792466
141793966
141794209
141794784
141795169
141795741
141799564
141807530
141809987
141830831
141835191
141836471
141838916
141844360
141851713
141863600
141908374
141917917
141930958
141935540
141939443
141943777
141949545
141988007
142046654
142086839
142104475
142104707
142107523
142112189
142131645
142132077
142139470
142226685
142227402
142236659
142239218
142269341
142272147
142273576
142290766
142292096
142292746
142293934
142294155
142294204
142303756
142308265
142328596
142378997
142380127
142383666
142385117
142385153
142385272
142385610
142402975
142406852
142416704
142470583
142494841
142506154
142521826
142536767
142537489
142558373
142564872
142565867
142586604
142590761
142603436
142647133
142661726
142708919
142729453
142736366
142764710
142800805
142876960
142982914
142984179
143007904
143008493
143009591
143026375
143062967
143101511
143101914
143104291
143105936
143108620
143136438
143225365
143265817
143271345
143312049
143336079
143349357
143355666
143413612
143457047
143461843
143480148
143501060
143526034
143543207
143549514
143551602
143557026
143587689
143600203
143645502
143655356
143665698
143686155
143692941
143694940
143695353
143696927
143701966
143739380
143819848
143821703
143821988
143836757
143856787
143863501
143944526
143958583
143959355
143965382
143965989
144008913
144008953
144011902
144014031
144016365
144019167
144019803
144026033
144030267
144043706
144100493
144134083
144175759
144206194
144270826
144285479
144384282
144388278
144427720
144442405
144499333
144500453
144502764
144527014
144536364
144538133
144541815
144543663
144547062
144547179
144557143
144586445
144618458
144620925
144627151
144642905
144644099
144644529
144644618
144645672
144649495
144694272
144729484
144731191
144741278
144757102
144758632
144769868
144770002
144804679
144805252
144808068
144808790
144813802
144840488
144848187
144924702
144950036
144985552
145002576
145002703
145005489
145009488
145011788
145061435
145113262
145117267
145118767
145118926
145138193
145170941
145223216
145334079
145421095
145435058
145441655
145497010
145499499
145514686
145515865
145525694
145533695
145541353
145542930
145543603
145544843
145545247
145545689
145557417
145557582
145559392
145584578
145689747
145689837
145690296
145693132
145695603
145742552
145783612
145784986
145811718
145851080
145851193
145852594
145855418
145855859
145856701
145856868
145859990
145860069
145917338
145922231
145967288
145969726
145971068
145973911
145976258
145976985
145977432
145980837
145994069
146067303
146100201
146120317
146120436
146121224
146121340
146121655
146123507
146123640
146123742
146128057
146129342
146165230
146193459
146219588
146231740
146240715
146244719
146281238
146296469
146300037
146309751
146320149
146353815
146404330
146503264
146524734
146584383
146612287
146650197
146650656
146660066
146662514
146723638
146747380
146747794
146788609
146795798
146795917
146796616
146831057
146836372
146904833
146911242
146922914
146923538
146927537
146929269
146933967
146940705
146941088
146958772
146970635
146981393
147032907
147037078
147043746
147092206
147130777
147264400