6622743
450709
6395720
482534
225554
1348961
3821215
4596118
181274
490267
524151
181298
1299614
524376
322422
545632
156897
322427
160196
156854
180201
194515
1204610
178694
2995816
322434
5187718
496880
100609
498678
54655
1601420
2241849
171607
3676298
1283199
1367133
1658597
817006
1500133
1446811
368831
1650471
1152111
634793
2458346
108829
154036
272182
341898
234177
128202
120897
282984
473583
204377
5704993
644794
277761
1764605
4525096
281161
1431589
291615
3506903
2068715
2068721
3342911
3216718
2068744
1714197
1532305
543660
1042364
220766
3685056
1615405
305575
1557884
1633065
2066391
484838
651983
2927868
377240
3523063
322428
469903
322430
432373
467591
480790
28630
144581
225002
394763
340158
317501
177739
520147
399237
152875
421997
73658
150343
148766
4599807
157924
325555
195785
381726
170969
404821
434683
40790
174069
165366
292765
307211
440629
97883
494633
421958
467999
72486
484216
522744
36843
107807
6759213
10219
6516375
63097
319141
5265529
219257
300235
132931
182796
215538
347901
327206
468822
337308
339482
490657
507322
469438
446121
1375506
481800
507748
337297
5595912
194316
354937
521531
161865
523448
216769
3865920
194541
5369424
179197
5649478
5508981
149607
2430186
161219
275905
6547691
166295
4223764
168671
53804
6302431
324260
277541
6442993
38894
4195834
6676249
6621207
398337
4402091
4808559
5158982
4326603
2879066
3424988
2082442
1669115
170991
22910
488485
466481
361908
281567
116189
544889
3117890
1566577
5262516
468876
5153301
26085
2599138
2812843
2902459
1728869
2656571
5486934
154715
3545685
2009895
198458
3216099
6451357
403150
4280992
4634045
4970225
4003266
6726496
371411
6128842
6132085
5226483
1599359
4774617
6179308
6250132
6250113
403304
140971
107623
4436081
192338
202827
347856
284971
278444
342634
1563663
340851
341965
222232
510081
4284823
407899
1690379
100824
509032
489692
176753
121798
205940
254435
243705
5225429
211738
280055
6070546
5915425
6091263
5508571
6396584
6207974
6447439
346218
5267611
413125
348860
3851596
154213
502276
253701
517270
5426812
6111152
367206
873671
5796302
6635510
3260209
7004958
5305016
5004399
4216407
6123181
5284590
947579
6147418
2669374
4322047
3834123
3348654
3861850
1371530
1512140
4215106
4131748
2617459
5161737
1589335
7027943
6811158
2538431
4731177
1804787
6180560
1113799
6647115
5400721
5420748
178773
5965152
186992
297250
322444
340679
313462
467409
2921537
473406
400288
472770
474346
493447
481226
498334
504953
1333738
903999
2591932
4776952
3387472
4857002
5267642
3350596
5329110
6128752
3834026
1229280
5060893
6799466
6858356
6829314
6288755
6895816
6791716
6676019
6661578
6725932
6771574
7004041
6622309
7017155
6950782
6236719
6649082
6758996
6574335
6456115
6972232
6840080
6898832
6503777
6716975
2921376
5356058
6571646
1679793
6498123
885377
1059267
6019397
3923638
1573803
1449456
932955
6201914
6247393
6136419
6083483
6235519
5986919
5562086
3616383
2702947
4807971
2792954
801835
1074530
1740517
2599373
2927472
5306901
2598994
3405357
5590936
5102144
3290404
4216059
5058614
7036100
902549
5239654
5265096
4577071
4546111
1957711
3280003
4558768
1655917
3512478
536379
1858880
2805831
73093
103692
5494025
240976
186198
322445
273751
340221
356850
295258
492616
325517
334087
473979
507672
491508
1197246
5468964
5267121
5462105
3521413
1621500
5270717
169148
28857
147391
1030840
332515
205490
328608
192662
472191
236770
254598
2067344
6344783
803666
5500089
6471504
504139
345785
401024
25402
1299247
484652
488031
5956709
296607
449877
410414
140859
6346005
383105
419447
3100108
2729267
409449
533330
542015
403080
145119
402281
24650
424045
367590
487699
440219
394384
546721
352457
391501
397597
437941
424133
520368
495405
423368
259056
276733
543413
497797
441978
544086
123296
168069
193023
138985
286069
292737
334144
388682
415839
406679
420042
326494
337600
328046
346199
387991
421802
472165
482006
482967
469103
460935
517942
488100
605360
466469
497700
503451
800271
3916259
398430
1299260
585414
2271488
469707
2369808
574669
543518
334008
464980
351603
357769
424107
541529
95182
8858
451129
443657
533613
136947
523532
547215
569625
451504
3972455
536883
573291
453372
186191
472271
457805
458738
86859
512298
204443
204544
476040
518549
478899
78816
227046
102784
308110
294256
273894
417207
173540
146302
418793
335947
287958
203288
266964
419873
350522
363241
360982
412923
446220
418541
480627
482983
556806
183204
572186
632310
201166
1729198
214171
102494
182047
173015
4595005
644980
533977
6949602
4715402
542663
1611453
205416
268565
3452742
4434440
4107591
5915206
4867606
6816623
303873
4694135
3478347
3293087
6548186
5299265
5523045
4443593
4804172
6282029
5887430
3875800
1729225
2586179
1729209
514199
1638642
522072
509683
499771
4502535
525280
360257
27649
363465
409288
216119
45406
104662
119700
6075707
423992
6442795
419383
5492993
6677893
6929649
6557759
6542888
526479
5225113
3516355
6076502
6050140
6123051
6527695
3662141
3190762
4735178
525109
441922
529404
532907
464138
453636
438498
544666
481156
467872
496155
501536
476436
515493
525860
150364
129655
74118
130933
5706167
173495
246833
269811
319553
432083
436016
424193
424946
3110453
433675
468324
474852
480222
514913
525915
538968
531645
464286
450386
469128
465121
469022
467090
477479
472703
473213
477342
480408
490325
117964
428795
495712
201746
460191
344438
111699
379841
464554
440679
468791
470847
471624
476078
472951
497137
490441
496773
410929
495965
411939
522143
433281
428953
447686
151622
523646
255172
1601667
2068760
1652597
5403282
256745
3851284
395757
5166494
502334
409270
4850234
6132061
302950
5270501
172014
3776968
3940532
272317
5571529
4735705
6132713
1581229
3714339
5266795
5267625
2068709
99334
5658877
1080329
4784078
2320677
2689868
5468779
5501155
309879
5986224
2231290
2666782
2068694
1255092
1658642
5265174
2995817
2253255
810665
3201677
5562005
2294932
6808124
1561969
275492
3524506
1513705
1268196
6427874
404786
1526234
1113536
1675834
195155
6440941
2597528
6539694
3762547
13343
3513321
3201579
312699
2795456
2066978
2860670
2716307
5517015
6005365
6395549
6209988
1570245
1472504
294778
2612219
2467374
2822270
318682
2862986
328840
329278
214640
1989833
1556086
601494
1605131
1170229
6014111
1653229
1611788
1392496
196062
3412232
493263
6362348
6781082
6019850
3705915
2919209
4735133
2271438
3468843
939232
1301142
763784
4180570
2598342
1219410
1256615
5696578
4813178
2995809
4363979
3534677
1549287
6020756
2068716
2667884
131673
3923068
223841
3110925
4434138
302443
117281
307986
484776
492111
241069
490278
509606
116424
133834
334736
394095
362333
189647
532609
170305
533936
334735
456561
291188
331806
77681
1679877
14056
2620484
116180
28982
148758
141086
218084
107348
205389
338268
338876
122610
219967
421107
355863
422737
115324
377540
447386
77900
129825
317514
196800
206917
151063
210812
232309
525079
3276665
77449
325707
510986
113747
476006
319971
334734
390421
401292
462662
545134
4062385
470711
532559
1529482
404777
117694
386815
1313930
171995
310932
476387
169049
484277
382510
497371
1505782
508635
431665
1689978
3321753
244564
527623
504448
4613154
509203
26603
276978
80527
251885
317738
1610315
343924
360112
290101
379683
325154
344941
467837
326169
314556
458545
474161
381810
495179
332084
127905
484315
5299219
2744491
531156
2583144
3534567
6329165
3850268
2668586
6093386
518255
2735106
4057290
1254529
4080416
6130424
4399130
4602905
1690489
702186
6673909
6082791
6178185
148297
326438
350874
378186
318043
343420
166282
308550
157945
360467
211311
224439
364965
354721
388751
376244
435747
437003
428646
431579
510239
448581
523561
424793
327435
513980
547066
466524
341151
547174
452845
475152
394606
495364
434696
391861
501003
1629318
489565
434053
403870
403894
533083
534327
547515
6113396
6075759
6128427
2068882
6079139
3347264
5870028
6840353
6675180
5368712
6051900
6121848
6419631
6653788
6649221
6781165
5375373
524122
6427920
6656803
6798904
750524
1011852
586436
6812108
4091149
1670526
36819
1339456
13189
3748663
6436478
203783
192723
262102
6435374
6401881
6403371
306169
316562
342341
6471
3980165
117922
77026
190884
148299
182963
179244
6678099
202368
4727778
225865
284614
224843
295344
617571
6033258
6774874
2995451
4727783
245902
1350672
5584431
3343953
6548399
5894068
4183082
3447326
4961059
563834
3420155
3257417
1543351
2468379
5431514
4855627
3516591
1140730
533171
5029824
6133330
3529858
1113510
1511872
75111
5158894
5266410
44611
139889
159281
109837
351660
133425
359359
212752
385880
5031954
404887
430767
495829
390889
430161
434997
463302
4638913
1613054
510463
2018517
535524
518234
2744686
477842
5431718
435510
254983
523293
192175
461793
444174
455782
471766
503816
514837
510663
542116
2543822
407822
519021
497298
487753
1617029
521267
496201
517916
522561
381421
319572
143548
46364
4633244
450581
433601
322431
325359
322447
466017
518544
436473
332564
468078
477112
481760
363709
322421
538504
1078735
71275
3083230
4360107
1065915
139891
1320896
1165938
377513
373547
461525
4854360
307604
492986
502230
383692
3585334
2715269
6087145
365312
280332
504268
512139
380454
8143
282617
1053168
448558
53735
522405
461074
470253
97682
117100
519286
152113
147479
181953
429578
402853
270031
197397
236884
533688
463861
368860
275396
410402
410748
470773
448749
503598
482622
206249
131555
544395
35436
215271
333465
4246650
338155
349804
467966
149168
472542
382544
177828
3695814
265891
245406
173350
416381
355924
342046
538666
307603
539842
15304
497221
443252
249700
189867
1615624
260708
271900
210782
429301
486979
215206
524717
330432
328888
536700
263825
475670
3534674
235912
4626292
5157724
368199
6151438
287153
4854177
267819
6233276
36652
10271
6654555
457426
311053
316976
2846363
481456
483224
488224
5327298
2025326
499834
500960
506266
4611228
543631
196087
270285
412609
5157840
536856
369502
6572587
6859534
6131339
4682000
288120
6823220
5548766
6935001
4984874
1319051
5139855
6295988
2636360
6498852
397881
4716689
6580592
351415
6909560
5311230
221708
157007
200810
165593
137650
171906
500156
494300
373490
395045
390639
385243
143553
181450
167159
212022
173384
262748
521571
171491
1638079
530623
536234
534699
538088
546149
1032959
3871159
1275117
3876058
1373201
82836
88586
298250
274661
284658
305005
330305
402131
389194
404764
95454
300074
276701
446797
405008
468727
466668
342127
472196
346462
471357
330181
486178
475715
328819
351416
344699
404878
403952
397826
413595
468266
431100
486725
527713
491596
473400
532875
531839
1327236
1581116
3232994
1859222
3773931
5166032
4103235
21164
199249
36783
4096500
254122
73987
317747
307616
265749
326673
270399
314267
2996365
257252
119193
6475
218754
142550
281922
291065
334663
332977
353290
302401
350828
327098
294968
367239
5255267
361964
69723
373351
41699
5508386
51686
76812
185826
173237
160082
150090
176058
149649
206324
361196
360686
217275
438382
380211
472044
522990
489621
3332387
1305412
470815
492302
2870797
5538115
1320940
535366
1222792
1505857
1343231
325405
378610
537281
511030
331399
561499
395706
534681
5578508
242720
278276
1670574
262940
409084
6637154
467657
1568925
4354358
4286210
2747134
1686369
7006698
6383788
414916
474277
455648
459525
7030919
104191
472050
6787607
6853567
6420029
6910906
6705104
6456618
3534602
461481
6226841
6428459
507507
473537
492582
6344353
6433767
495550
487780
5978473
475540
6369356
518047
101902
523041
3431748
521653
3865189
1734853
4543740
4663880
572517
1110380
1268198
2538143
891687
1302013
3386031
2252062
3750964
3661741
6136942
5457337
5596647
6225274
6049173
6169282
3534579
476305
490728
480678
6086316
509632
2824312
504322
5131702
6210698
508158
75199
2537985
511283
521946
538009
70858
534052
531426
132671
284898
246026
279135
4601664
286469
316158
315148
3284894
2656654
4280534
292788
1601912
340789
2879985
346814
372427
5032027
1406212
177319
3516166
305495
3089233
152126
439162
2373799
3184354
316238
281392
313203
4704353
214564
4584210
170320
435425
6476
1470758
474719
439042
57427
42442
179814
52989
129744
76174
501865
229103
116551
201067
104176
526894
14903
227835
127224
73252
214553
231110
511112
135328
147607
140199
147216
140310
106596
280755
142380
195140
165934
116425
168058
464482
238584
201485
282547
179947
285995
288526
298056
311245
186500
307681
1631928
1686172
1206664
1665868
3452773
1224819
1712413
1199515
2528781
2901524
5142916
1009686
242840
4075225
3183048
281139
281381
290274
316753
302144
321423
335051
350864
386720
398770
366912
365635
383505
454773
457481
471121
469176
480704
475875
515241
497451
14222
502089
585723
117835
532389
2142529
26715
139745
2903344
3370880
426704
137504
470542
280278
3852201
5193779
432112
215802
308525
467739
330996
384570
505123
377114
484656
501861
517053
510639
502162
546115
525948
334545
1563875
353754
513239
340422
414669
348921
351094
383775
398281
408554
155117
419842
435879
2929756
2783789
160275
20317
161594
439193
386385
211495
1605469
4431772
2541311
493550
475688
484956
809970
3865954
3512830
20377
1148175
73725
41087
4171112
68182
86076
80066
86292
32334
1453349
1267294
486623
542571
467911
91366
541390
467276
91575
125272
1268031
136899
894794
138371
7264
17831
144936
469162
141540
1242936
1690424
6899542
754204
390789
8469
824135
1333289
3606759
378487
1464774
2386225
206951
157863
3566311
195399
220893
226719
305190
331599
310079
4937656
3875998
3284351
383300
2910173
3365533
4473025
4279585
5009069
2592354
2541297
3529266
6113284
5306129
4787490
1305880
2928060
3925364
1562145
1214630
519309
4425966
931100
1477905
1383641
3219807
4248135
382128
5536410
713900
4855557
1530838
371361
1254582
1359526
2005664
1262824
1603657
27686
1322470
956830
297976
1688042
2861069
272061
1659045
135320
286062
285569
274904
286478
3435198
318891
381184
368050
381021
3866233
2926709
2910163
26425
2371704
3877764
2992445
3390876
1129239
311003
1072026
3695299
268876
1221736
1123113
348510
327083
289531
1345026
2795239
369441
390249
399474
3342803
209496
351258
337204
239070
239772
1614503
598105
390435
294461
328568
3675264
356266
2541328
5009326
96106
533226
126832
468480
471902
268792
301446
345638
399908
349124
347927
343040
335807
254468
325980
151268
521710
454164
254571
149838
530545
546775
530982
153771
27693
546845
34357
76962
87832
69392
81726
105556
147825
135793
139024
166818
164329
162099
155157
153783
170186
196024
193258
208319
176576
219873
245239
272148
284530
285189
286036
296662
300108
303746
302426
304009
310481
413406
413449
417888
414524
423626
423443
433106
433935
436097
440853
436939
452803
451449
450491
324778
323977
465134
479375
484800
492029
488547
490232
287096
493262
493344
496451
496261
496723
152494
506863
349644
512872
521138
364399
379095
378268
377013
390945
386982
407668
412270
472859
410572
284569
285904
280497
283516
296343
412782
295605
309691
324175
319020
332604
329353
338652
492174
478388
324283
290559
340335
486812
498418
475598
500338
505181
512528
504811
524225
524390
516044
528619
358240
362722
372276
374912
374359
351908
530304
378902
379525
376076
380995
391137
400490
393739
396000
382042
413568
414667
429387
432258
435790
400053
436337
441451
439153
457876
311229
452516
463380
313686
446850
313105
316178
324354
324809
316851
328868
328224
330135
338704
345076
197547
237444
341827
242638
348513
226310
242796
251475
277072
278443
251191
294090
297828
279794
300234
301232
353357
349490
370034
366792
375471
383657
369981
348466
395621
384732
395981
127311
399370
129247
137846
413050
131797
140387
413517
138863
170098
168699
160152
192321
176178
190438
193824
176914
415258
439582
414363
440065
430535
441412
415924
430895
573563
455108
464250
451411
464762
7460
12265
545283
460246
48809
13307
27012
112261
88653
49129
81037
82605
119849
7204
7526
8384
42809
335125
201592
38966
468806
544738
287093
530825
544857
181904
296050
221379
1664545
1041627
375110
1081087
15019
13018
7359
464444
11290
387071
391628
393314
381465
381864
425059
409914
429739
429758
457797
458598
444458
440362
72937
81039
86988
80125
24072
99967
103558
146154
155833
307334
106571
1038897
376245
121598
324523
1348626
1529783
1288120
1619755
2535496
2591258
2308406
2525774
3479208
3864682
317247
2049377
257703
356896
374064
396924
359895
475831
1076584
1329919
1580996
1535802
1242615
1845415
2431616
2298852
1688035
1076052
371131
1556624
348654
2643534
306824
276882
257363
165487
254985
292477
26706
1028289
271737
402229
1357905
291754
2597548
2433552
1681188
1197426
148925
466053
475326
478534
480813
477916
507371
472776
508393
512654
534588
528295
511663
540958
308353
550781
157483
287808
570392
301932
288058
320425
322419
321707
311746
331136
327255
336838
312004
402213
335786
363066
353598
364850
373387
379777
354147
856383
2552593
3867347
2297846
352997
1417311
342974
224187
166467
166602
371017
194994
176916
210234
460224
459796
493909
207471
231610
228061
486997
237416
267759
470761
247547
269229
274627
465387
466652
473070
510529
488238
518915
497817
499387
530630
502414
487350
229564
518841
514200
519281
516523
524595
525086
533793
537067
436550
538983
282961
2700403
666372
440145
452676
444623
460225
474808
466608
469094
477410
163832
479175
478026
159002
194469
165131
191972
185766
182635
196016
197970
348616
348495
166247
396285
367832
381793
353329
390446
396141
407013
408129
424093
412721
427799
430665
486214
486303
238533
236669
211736
486562
434693
224443
244201
239377
239012
249725
258935
279859
277353
281640
258327
325056
298518
294100
321345
59227
56689
111918
329464
68040
94968
116317
90062
120786
135817
140866
512496
1838220
1237978
485072
497514
1544995
89897
89854
1496597
370567
104803
144594
5463593
1129234
1071232
396282
237739
402609
369335
374973
380139
248750
390304
389181
371094
382635
384080
389895
394914
404960
302102
419142
395683
324618
308833
314412
523032
524198
513317
526858
506603
516133
599300
533714
537780
531174
547070
540961
540973
510560
604399
330610
326342
340892
337565
347242
331865
348632
350202
367593
353155
369222
253646
254055
255697
258038
253949
295833
261360
268556
269162
274003
301522
297928
299772
420884
421635
428908
437574
2426186
433267
449264
436014
449505
4834444
484412
456101
1596439
3795227
474519
5203287
479019
3065122
2618717
2496193
504467
486564
485713
1595663
3518267
1410203
1260327
6351630
1678126
1751848
1677992
1489142
5011244
4300987
1613029
1624044
565414
1588462
4680190
2546453
6033246
4775498
5463233
3471013
1562191
4616077
1837108
1622257
4806159
3874201
4784611
367588
1843686
1211926
1612820
383926
1603054
2959569
1700569
1518060
1623570
3241242
659046
1348326
1315694
4106326
3480568
1633269
348296
1688347
1526226
1269818
1129423
1242306
1230653
302184
2597417
1654500
1580457
2529027
821556
3622626
6030000
448895
186755
2256175
2384838
1737467
187722
1506409
191014
2644023
4459519
203052
1065438
1616067
4355470
371568
192409
196797
144734
197822
195299
1330231
1254373
292881
195775
201210
149119
2389510
150914
167279
167096
161269
153590
168657
171213
156974
4131642
171871
216524
2011057
4867043
1527071
174387
2649133
171763
171732
3085584
226080
1558643
217661
1499177
229870
1973575
3432169
1520484
174736
18062
1373358
1373370
4382894
236522
59542
29677
39758
30631
55386
58361
30357
65025
74665
64717
76178
110019
84013
110533
112332
66528
129159
138453
137018
141848
142163
114977
132878
140201
482640
144479
495406
487236
520967
486872
492851
530308
10316
8870
11573
840886
509704
2643917
446615
442360
916207
434406
158765
162420
160905
380725
373509
119241
165727
160651
229873
211604
309360
217385
473138
469512
474554
475843
479009
476997
621763
479415
502610
526595
174276
532939
580217
545158
550602
1267683
173146
174067
175635
176025
180538
176272
177321
182820
185951
249388
189686
185691
207747
190828
206965
244821
268299
276881
288660
272581
278539
299016
282408
297351
299876
307636
317065
311846
312844
318602
317464
324034
323137
340080
339083
334266
330353
341968
353898
344462
127340
138397
143353
130297
141085
170178
165174
147913
167074
168262
167101
6771669
7108
1368241
6523
6484
172319
172782
52536
172080
16587
16866
29004
26264
43415
49336
91767
73936
61366
57113
74124
88276
75874
97931
93218
102936
99401
102621
110511
110321
106212
110530
116519
381115
113743
386348
391102
414550
397237
417578
391378
169053
417650
421877
446894
434109
456583
169375
468704
172087
174386
178996
171091
181937
179608
191823
200395
294147
300209
291807
196570
314969
305393
300300
330807
337524
333250
315354
339501
346962
345192
369818
369565
45176
54254
78331
63065
78280
105734
82609
108764
104692
113321
87003
84592
93707
114324
117006
120686
126747
125097
125749
131412
127555
126090
141860
138350
149167
138470
145747
153120
159262
200973
146625
197673
216999
222302
223792
205055
226190
225476
228766
243947
254449
96168
247780
269330
114217
283537
77992
99852
111876
270560
135345
130085
112470
131083
129975
129689
152387
141587
157724
153400
169778
170251
160980
163573
165548
164184
170496
177372
178894
172358
197293
183064
171696
177954
471903
471941
463493
472386
516300
473500
575844
472800
5360356
6993957
510472
498364
819634
809250
26087
12740
20471
8417
15523
31365
28785
31644
35165
358151
345172
344908
399030
361700
373320
386734
370124
381070
391865
407775
400589
407047
396586
420462
293489
276182
277933
277109
280897
287285
321610
287386
296522
310271
207961
320946
310846
225141
223171
202985
321780
212030
337794
300119
208224
230811
243496
250340
243528
260116
250845
252810
259645
268747
702794
876796
1122459
15485
3957647
16832
18061
20371
63958
32542
17335
40646
40994
73806
43176
485999
486656
487488
503099
140889
441435
142450
287031
326202
288457
288724
268176
273721
723917
386989
330152
939248
337812
390391
340404
380607
3105914
1690644
1262633
1167054
1631042
149611
4455022
2812570
154463
204697
459672
296017
231234
2524047
2910695
364542
242957
3240567
207753
1543538
4186039
165699
212240
147180
179993
460382
338565
851687
333154
233138
394052
392462
396678
399103
412063
401953
415928
412575
417582
429258
428971
439909
342587
369341
343732
360320
353793
358894
355528
379516
364303
362826
295287
375487
373842
282164
378754
146443
670869
1493482
119882
341991
2736672
372686
276199
250408
171560
163346
186742
276163
275886
293299
313434
289729
321571
334810
336006
403069
316596
511608
1735523
1182190
1536560
1034369
893080
1112277
1236882
809816
961135
850427
872232
1038033
928088
1194542
1238004
521596
533720
528411
541792
535473
538511
544936
576674
545472
696395
612942
1016165
640695
6722029
991916
586554
900999
198168
634434
1101898
966756
598589
1055620
1322079
826982
666793
965938
907848
1256534
785811
735234
796575
858347
449208
870291
660494
542243
161156
765729
1496486
854042
371152
189242
266841
124851
293418
295407
293569
299125
300193
301216
302853
312035
316025
451871
318177
316594
470225
455486
482294
476230
485034
485642
470410
513342
483254
523372
484079
521922
144103
142765
502453
144514
149646
157656
166126
170444
169651
159929
172399
169752
163963
405327
174388
403333
410910
438626
442153
422585
435627
442975
446871
463534
454209
464804
466660
483948
473951
218144
228996
228580
222525
224413
232620
232670
257875
285934
257370
263601
80719
278275
284607
281280
273275
89002
83395
97365
88965
90181
107067
108003
110325
114860
127243
115522
115685
123703
510929
136299
503905
539070
986935
958244
540882
540351
1283859
1209235
1288140
1598436
2665406
8155
15526
22266
26977
15800
27230
52092
33566
31426
58324
174915
72730
176839
73815
63789
80017
178335
177630
180481
181890
178931
189130
181162
181167
207779
362433
191798
214659
200906
376388
372494
207705
377374
377906
377735
385295
383934
385137
386623
393584
395643
397416
401262
401394
2557262
4460162
528871
830090
1275253
6354673
539860
6197813
1078773
2437085
436737
5076166
891749
2560199
2845315
3082936
2312597
3872809
334865
814242
680284
623345
2055983
4469699
243674
1039161
934245
1325919
1009502
1481414
593266
1210258
518636
545874
815641
476312
2584089
610833
968976
905385
457364
3399203
2913273
1615600
2785395
2814081
3286407
5560936
1182952
1622796
4627341
5565835
1338734
943971
1416349
1740248
4715957
5169230
2927389
4126813
1273943
2912131
3479902
1732060
3217482
2794544
2596588
2810904
524547
3705529
885396
3877182
389707
5576346
4990195
1723197
6243063
1610559
5896547
3123167
1383158
68595
735566
195273
991856
1624412
1210141
6936522
2794424
143392
6946389
905356
6643710
6600800
6725061
6754087
6265567
6593783
1237728
1601346
3388226
6246982
4472371
6535914
6005757
6005461
4715930
3531818
457796
1263748
6382942
1628585
3541498
4863549
1301812
4716364
5096026
934409
3260265
949667
775553
5576822
4925314
5554829
4972281
911965
5226319
2561177
1688550
5425862
1439231
1830794
4002379
3123410
4409297
1359659
1148888
1334412
1263008
712995
1629955
6342604
970740
6014656
4437744
6146700
804389
2921084
478250
2851129
4361720
1168472
1632275
1129332
2977955
1442920
649127
2842052
714368
331051
1125579
1669501
754527
924912
1254690
2537666
721208
668742
1235608
5560336
242450
1152046
994496
801356
1632251
717026
919193
819671
2824824
471244
194510
2871431
1619364
3406869
771533
1242961
3057932
1016110
1382237
3661309
1612081
3687471
5279578
5565789
446536
3572443
4960892
5032311
715066
2692367
1540503
3344264
1075942
4216420
268581
735643
3171312
1429645
715421
1608393
2794226
3413375
1602305
1382043
3352465
1122621
1456905
2864050
538728
879257
3727140
2669097
1312320
2598866
2598867
1252136
2597441
1254432
480791
540969
1620676
1622778
2606087
2880268
4129556
176391
261732
256771
272405
158724
239082
196736
1569168
3237746
635516
1859323
2855625
2643920
3194898
1669440
867890
4972831
2702065
435761
1268009
1721880
1299654
1381729
1303977
858717
2823033
378859
2832605
1210251
4626716
2841160
2775584
367461
2591808
8172
888739
1745694
973695
485596
1629944
1850586
5987511
3352352
547872
1595662
1665651
2498485
1294575
1236839
3516321
3507278
494394
492015
379148
1620865
670368
1009723
1231415
1692307
3094804
1330268
4961040
3583415
3260102
4715892
1177619
1123237
4468702
3195083
1578586
3054755
3506339
734595
1536334
2598503
3605147
318180
2648976
1573530
2872079
5401055
468365
429281
489234
293434
438715
445387
407960
441035
3980961
1264412
1256273
3504956
3232739
2998188
402833
470137
5021199
559412
922948
640583
547032
38967
486318
460519
414679
402787
483636
386481
486332
509110
450397
1322306
942529
465593
474070
514172
449191
74539
493220
18645
462977
198225
114795
4543040
6188083
2547203
2996470
5544129
5450253
2286167
5869783
5703675
3413465
5402112
5529757
3619852
5168302
5926131
4678480
6994357
2368349
4693639
7027049
4661192
3496714
6010761
160871
5578399
5641780
2512169
1859617
4381733
5945852
1199347
6029879
664890
6127709
5253153
3573760
1373399
4094963
3176505
6091103
5927412
6171772
6136947
5167656
223516
6130604
284727
327368
332064
331592
403783
350244
422795
395050
488771
388872
380296
492001
485967
3555484
834795
801263
886210
1389695
589704
1448630
1301124
4638280
3755393
690951
2771837
1211745
521963
4736099
3838128
1666253
3505313
6428961
3362451
5188290
4622348
18108
489853
506152
499124
502737
523668
513400
516752
508494
532897
450930
3182907
1331703
414145
973282
369465
358684
519452
690067
535542
567134
526743
1370923
493194
10920
1621643
3965761
1451886
3534761
2439594
1601628
123298
114160
6423
74858
347970
343649
360643
384585
388563
377073
401757
432257
470788
496145
419205
505737
465962
27325
76687
478136
93220
188599
1187996
183258
249201
275282
338890
250392
329457
335997
321941
341773
355510
355488
90216
3849541
2768860
107503
1286104
144991
209691
273083
165695
196822
165834
194484
133558
166484
301004
360769
213879
240207
381049
335306
357381
487049
347004
394125
500327
311744
385054
395748
510307
524771
543663
506135
567699
404289
355684
413646
911954
402081
355500
1006378
5334078
6714
983996
5514783
15210
1040650
934330
1333614
2868944
931475
2388554
2643236
1348523
104890
120997
4284014
244386
142782
14196
263413
241558
1448322
1978389
3247344
1337278
852451
4178542
3081170
2649285
3727242
241401
217325
3338894
280276
258254
286438
280586
294513
269186
3423629
73698
88628
107181
37081
162180
34400
164890
195275
85629
188698
174325
139134
179692
305276
307645
332426
328615
214693
304122
308821
193825
297168
307715
305283
309603
383448
389732
422385
397090
200279
424552
451896
460885
458467
467134
482168
470740
515678
531080
313849
330242
544704
332887
338664
340897
375560
344217
351572
341528
350593
368022
361925
380115
376051
289642
305082
379264
317513
340920
334714
354116
382794
343638
350710
361755
342205
369172
6443440
5468990
392039
1529261
402465
387620
4089194
1520522
2879791
1603703
1019300
2542212
3291373
4856186
2902462
449517
1419505
6763977
6331091
429590
6648407
387382
595992
521036
1409792
5584589
5332552
5312194
505903
114875
192643
532368
223070
204203
274268
563666
3249456
2546370
1512281
316591
692453
6936370
388306
99192
1673579
356151
154510
4637610
3105907
1398134
3412466
1519107
463071
395628
3873807
4625392
471819
1110820
4357928
1410025
375270
1302881
1357716
1492558
3100622
6066051
2903607
6121140
5944369
1537882
3574386
5987658
4077482
1685990
3100559
